1.003000000000000000e+03
1.003000000000000000e+03
1.003000000000000000e+03
1.003000000000000000e+03
1.003000000000000000e+03
1.013000000000000000e+03
1.013000000000000000e+03
1.013000000000000000e+03
1.013000000000000000e+03
1.013000000000000000e+03
1.023000000000000000e+03
1.023000000000000000e+03
1.023000000000000000e+03
1.023000000000000000e+03
1.023000000000000000e+03
1.033000000000000000e+03
1.033000000000000000e+03
1.033000000000000000e+03
1.033000000000000000e+03
1.033000000000000000e+03
1.043000000000000000e+03
1.043000000000000000e+03
1.043000000000000000e+03
1.043000000000000000e+03
1.043000000000000000e+03
